Id	Edat	Alt	Pes	Sexe	Tabac	Oci	
1	19	170	72	d	0	3	
2	43	164	55	d	0	3	
3	12	160	50	h	0	2	
4	18	177	82	h	0	4	
5	18	176	58	h	0	2	
6	18	184	78	h	0	4	
7	18	177	88	h	0	4	
8	18	178	60	h	1	4	
9	18	154	47	d	0	1	
10	18	166	58	d	0	3	
11	18	172	64	h	1	4	
12	18	170	66	h	1	4	
13	19	170	69	h	1	4	
14	18	160	56	d	1	1	
15	18	174	72	d	1	3	
16	18	180	77	h	0	4	
17	18	170	62	d	1	2	
18	23	181	74	h	1	3	
19	49	170	89	h	1	2	
20	19	166	60	h	1	4	
21	20	180	78	h	0	3	
22	17	152	55	d	0	2	
23	19	160	65	d	1	1	
24	23	186	90	h	0	4	
25	20	175	70	h	1	2	
26	21	170	65	d	0	4	
27	18	180	80	h	1	4	
28	17	172	60	h	0	3	
29	17	163	57	h	0	2	
30	25	190	80	h	0	4	
31	20	165	62	d	0	3	
32	16	150	50	d	0	1	
33	17	165	70	d	1	3	
34	17	180	95	h	0	2	
35	18	173	60	h	1	1	
36	18	175	65	h	1	3	
37	21	175	70	d	1	4	
38	20	164	65	d	1	3	
39	26	175	90	d	1	1	
40	22	189	75	h	0	4	
41	18	160	53	d	0	2	
42	18	164	56	d	0	2	
43	18	165	56	d	0	3	
44	18	160	54	d	0	3	
45	17	170	68	d	0	2	
46	18	169	57	d	0	2	
47	20	167	55	d	0	3	
48	18	168	55	d	0	4	
49	21	168	60	d	0	3	
50	21	174	67	h	0	4	
51	18	168	55	d	0	3	
52	20	175	58	d	0	3	
53	18	174	69	h	0	4	
54	39	171	72	h	0	4	
55	18	189	77	h	0	4	
56	19	170	75	h	0	1	
57	17	167	56	h	1	2	
58	18	190	75	h	1	2	
59	18	175	60	h	0	2	
60	18	167	76	h	0	2	
61	19	173	67	h	0	3	
62	18	165	70	h	1	1	
63	18	175	78	h	0	4	
64	17	173	75	h	0	4	
65	18	163	62	d	0	4	
66	17	163	57	h	0	2	
67	17	169	68	h	0	4	
68	19	170	68	h	0	2	
69	19	170	75	h	0	2	
70	19	168	68	h	0	4	
71	19	165	60	d	1	2	
72	18	175	69	d	0	4	
73	18	180	77	h	0	4	
74	18	171	67	h	1	4	
75	17	173	70	d	0	3	
76	20	180	76	h	1	1	
77	19	173	70	h	1	2	
78	18	167	61	d	1	3	
79	17	163	60	d	0	4	
80	17	159	62	d	1	2	
81	19	170	72	d	0	3	
82	18	162	50	d	0	4	
83	19	164	53	d	1	3	
84	18	160	50	d	0	2	
85	18	160	53	d	0	2	
86	18	165	56	d	0	3	
87	18	160	54	d	0	3	
88	18	164	56	d	0	2	
89	18	178	75	h	0	2	
90	18	173	58	h	0	4	
91	19	170	75	h	0	1	
92	17	167	56	h	1	2	
93	18	190	55	h	1	2	
94	18	175	60	h	0	2	
95	18	167	76	h	0	2	
96	57	160	85	h	0	1	
97	29	186	92	h	0	2	
98	22	170	77	d	0	1	
99	13	167	57	h	0	4	
100	25	172	67	d	0	1	
101	18	173	59	h	0	4	
102	18	174	65	h	0	4	
103	19	176	68	h	0	2	
104	18	178	75	h	0	2	
105	18	170	62	h	0	3	
106	18	162	66	d	0	1	
107	18	179	63	h	0	2	
108	19	170	64	h	0	4	
109	18	162	56	d	0	3	
110	15	162	50	d	1	1	
111	18	180	65	h	0	2	
112	20	175	70	h	0	1	
113	17	168	63	d	0	2	
114	18	174	65	d	1	2	
115	18	185	59	d	1	4	
116	19	180	66	h	1	4	
117	19	182	67	h	1	2	
118	17	165	68	d	1	1	
119	45	167	80	h	0	1	
120	72	176	75	h	0	3	
121	17	165	60	d	0	2	
122	18	169	67	d	0	2	
123	18	182	65	d	0	4	
124	17	169	65	d	0	3	
125	18	168	60	d	0	3	
126	50	182	98	h	1	2	
127	49	165	71	d	0	3	
128	18	168	61	d	0	3	
129	19	173	72	h	1	2	
130	17	165	62	d	0	1	
131	20	171	70	d	1	3	
132	21	170	70	h	0	4	
133	22	165	60	d	0	4	
134	18	173	71	h	1	2	
135	21	180	80	h	0	4	
136	17	170	67	d	1	3	
137	23	175	77	h	1	1	
138	20	162	61	d	1	2	
139	18	162	63	d	0	3	
140	19	177	69	h	0	4	
141	18	163	53	d	0	2	
142	17	167	62	d	0	1	
143	18	170	52	d	1	2	
144	18	168	70	d	1	1	
145	19	175	70	d	0	2	
146	17	160	58	d	0	4	
147	17	166	70	d	0	2	
148	17	172	54	d	0	2	
149	19	175	56	d	0	2	
150	18	161	48	d	1	2	
151	18	177	68	h	1	3	
152	19	176	59	h	1	3	
153	17	193	85	h	0	3	
154	17	192	73	h	1	4	
155	19	180	80	h	0	3	
156	19	177	70	h	1	4	
157	17	176	68	h	0	4	
158	17	185	70	h	0	4	
159	19	175	70	h	1	4	
160	18	180	75	h	1	3	
161	46	170	72	h	0	4	
162	45	169	63	d	0	3	
163	15	167	65	d	0	2	
164	44	173	75	h	1	1	
165	43	165	70	d	1	3	
166	40	175	73	h	1	3	
167	18	185	72	h	0	4	
168	18	170	55	d	0	4	
169	18	188	75	h	0	3	
170	17	165	60	d	0	2	
171	18	167	56	d	0	3	
172	17	169	58	d	0	2	
173	23	185	85	h	1	1	
174	35	165	70	d	1	2	
175	18	172	71	h	1	1	
176	18	177	72	h	0	4	
177	23	180	75	h	0	4	
178	19	172	54	d	0	1	
179	18	159	53	d	0	3	
180	18	158	50	d	0	1	
181	18	169	64	d	1	4	
182	18	169	56	d	1	2	
183	18	172	54	d	1	4	
184	18	177	67	h	1	4	
185	17	171	73	h	1	4	
186	18	180	63	h	1	4	
187	17	161	62	d	0	3	
188	19	170	60	d	1	3	
189	19	175	63	d	1	4	
190	20	159	58	d	1	4	
191	20	169	67	d	0	3	
192	20	160	64	d	1	3	
193	18	158	59	d	1	2	
194	19	169	73	h	0	3	
195	19	175	60	h	1	4	
196	19	187	62	h	0	4	
197	18	173	73	h	1	2	
198	18	170	61	h	1	2	
199	18	172	70	h	1	3	
200	18	170	62	d	0	4	
201	20	189	80	h	1	3	
202	21	169	58	h	0	4	
203	17	171	59	h	0	1	
204	18	183	90	h	0	1	
205	67	167	62	h	0	3	
206	47	180	78	h	0	3	
207	37	170	78	h	0	3	
208	67	173	74	h	0	4	
209	18	176	73	h	0	3	
210	19	180	77	h	0	3	
211	17	173	60	h	0	2	
212	18	171	58	h	0	2	
213	18	173	59	h	0	4	
214	42	157	55	d	0	4	
215	21	165	46	d	0	2	
216	19	173	54	d	0	2	
217	53	157	67	d	0	3	
218	46	165	60	d	0	4	
219	35	160	55	d	0	3	
220	19	172	68	d	0	2	
221	18	173	70	h	1	4	
222	17	172	68	h	1	3	
223	17	180	73	h	0	3	
224	17	188	70	h	0	4	
225	18	170	70	h	0	2	
226	18	160	70	d	0	2	
227	21	165	60	d	0	2	
228	22	182	75	h	0	4	
229	21	172	72	h	0	2	
230	18	175	75	d	0	2	
231	18	178	59	h	0	4	
232	18	164	58	d	0	2	
233	14	169	50	h	0	4	
234	31	165	54	d	1	1	
235	19	180	70	h	0	4	
236	20	190	80	h	1	1	
237	19	170	60	d	0	2	
238	30	170	65	h	0	3	
239	22	173	67	d	1	1	
240	21	160	50	d	0	3	
241	19	172	55	d	0	4	
242	18	180	70	d	1	2	
243	18	167	60	d	1	1	
244	18	163	57	d	1	4	
245	19	171	65	d	0	2	
246	20	176	68	d	0	4	
247	17	164	56	d	1	4	
248	18	170	67	d	0	1	
249	16	157	54	d	0	2	
250	18	158	57	d	1	4	
251	19	161	60	d	1	1	
252	18	163	73	h	1	3	
253	21	171	78	h	0	4	
254	19	175	75	h	1	2	
255	20	183	70	h	0	4	
256	25	184	74	h	0	4	
257	19	176	67	h	1	1	
258	19	174	71	h	1	2	
259	18	169	71	h	0	1	
260	22	179	78	h	0	4	
261	18	170	64	d	0	4	
262	17	170	63	d	0	4	
263	18	171	58	d	0	4	
264	18	167	50	d	0	4	
265	18	160	50	d	0	3	
266	18	157	55	d	1	4	
267	24	177	56	d	0	1	
268	17	167	52	d	0	4	
269	18	166	49	d	0	3	
270	21	170	68	d	1	2	
271	18	181	70	h	0	3	
272	18	181	65	h	0	2	
273	18	192	78	h	1	3	
274	18	178	55	h	0	3	
275	18	170	63	h	0	3	
276	18	179	74	h	0	2	
277	17	180	68	h	0	3	
278	18	184	68	h	0	3	
279	25	186	77	h	1	3	
280	22	187	90	h	1	1	
281	18	167	51	d	0	2	
282	18	169	54	d	0	3	
283	18	166	56	d	0	3	
284	17	167	57	d	1	2	
285	17	163	48	d	0	1	
286	18	169	59	d	0	2	
287	18	164	53	d	1	2	
288	18	161	47	d	0	4	
289	18	165	52	d	1	2	
290	18	168	55	d	0	1	
291	20	170	61	h	1	1	
292	18	178	65	h	0	2	
293	18	182	67	h	0	4	
294	17	168	64	h	0	4	
295	17	169	70	h	1	1	
296	19	171	64	h	1	2	
297	20	178	66	h	1	2	
298	18	168	60	h	0	4	
299	19	171	65	h	0	1	
300	20	170	70	h	0	4	
301	21	169	54	h	0	2	
302	21	186	72	h	1	2	
303	18	161	52	d	0	1	
304	20	166	58	d	1	1	
305	18	165	51	d	0	3	
306	18	177	61	h	1	2	
307	28	170	62	d	0	3	
308	18	175	64	d	0	2	
309	18	165	62	d	0	1	
310	25	155	52	d	1	3	
311	21	177	72	h	1	2	
312	23	172	55	h	1	2	
313	28	163	52	d	1	3	
314	28	160	50	d	1	1	
315	20	158	59	h	1	4	
316	21	179	71	h	1	3	
317	23	175	70	h	1	2	
318	21	161	60	d	0	3	
319	18	162	45	d	0	3	
320	18	170	65	d	0	2	
321	17	169	50	d	0	4	
322	26	184	70	h	1	3	
323	18	175	58	d	1	3	
324	22	168	75	d	0	1	
325	35	172	80	h	1	1	
326	18	169	60	d	1	3	
327	20	160	57	d	1	4	
328	17	170	66	h	0	2	
329	24	179	81	h	0	1	
330	32	175	64	d	1	3	
331	26	173	60	d	0	3	
332	37	183	70	h	0	4	
333	24	180	72	h	1	2	
334	58	175	62	h	0	3	
335	17	183	60	h	0	4	
336	21	191	75	h	0	4	
337	16	181	72	h	0	1	
338	17	178	65	h	0	4	
339	32	172	60	d	0	1	
340	37	170	55	d	0	2	
341	19	156	63	d	0	3	
342	67	165	80	d	0	1	
343	18	153	41	d	0	3	
344	18	180	60	h	0	4	
345	15	153	50	d	0	4	
346	44	167	63	d	0	3	
347	18	169	70	h	0	2	
348	16	165	58	d	0	2	
349	43	169	65	d	0	3	
350	17	167	56	h	1	2	
351	19	164	53	d	1	3	
352	18	190	75	h	1	2	
353	18	167	76	h	0	2	
354	27	170	80	h	1	4	
355	18	165	56	d	0	3	
356	18	173	58	h	0	4	
357	19	170	75	h	0	1	
358	18	162	50	d	0	4	
359	19	160	65	d	1	2	
360	18	164	56	d	0	2	
361	18	175	52	d	0	1	
362	18	166	60	d	0	3	
363	22	165	55	d	0	2	
364	48	160	48	d	0	3	
365	18	164	58	d	0	2	
366	19	175	58	d	0	1	
367	17	180	65	h	0	4	
368	18	192	72	h	1	3	
369	18	162	55	d	0	3	
370	49	180	83	h	1	4	
371	18	170	59	d	0	2	
372	18	176	64	d	0	2	
373	18	178	62	d	1	2	
374	18	166	56	d	0	1	
375	18	171	54	d	1	2	
376	18	169	63	d	1	4	
377	18	168	52	d	1	2	
378	18	172	59	d	1	2	
379	20	168	56	d	0	4	
380	18	163	53	d	1	4	
381	28	185	84	h	1	1	
382	30	161	62	d	1	3	
383	28	180	100	h	1	1	
384	27	182	70	h	1	1	
385	26	162	68	d	1	1	
386	33	168	65	h	1	1	
387	31	169	64	d	0	1	
388	27	180	82	h	1	3	
389	38	164	54	d	1	3	
390	28	162	57	d	1	2	
391	26	163	60	d	1	2	
392	28	169	67	h	1	4	
393	29	183	80	h	0	4	
394	31	196	101	h	0	2	
395	26	169	73	h	1	3	
396	27	170	67	d	0	1	
397	25	179	70	h	1	1	
398	31	160	58	d	0	3	
399	30	163	60	d	0	4	
400	28	172	78	h	1	2	
401	18	169	60	d	0	2	
402	52	164	58	d	0	3	
403	12	154	40	d	0	1	
404	78	156	54	d	0	3	
405	53	173	90	h	0	1	
406	18	172	65	d	1	2	
407	33	190	77	h	0	4	
408	19	172	57	d	1	2	
409	82	163	68	d	0	3	
410	18	168	63	d	0	3	
411	50	186	75	h	0	4	
412	18	165	60	d	0	3	
413	18	180	75	h	0	2	
414	18	162	51	d	0	2	
415	18	170	60	h	1	4	
416	17	180	73	h	0	4	
417	17	175	63	h	1	2	
418	18	168	62	d	0	2	
419	18	169	65	h	1	1	
420	98	168	77	h	0	1	
421	17	186	74	h	0	4	
422	18	170	58	d	0	2	
423	18	183	72,5	h	1	2	
424	19	163	54	d	1	4	
425	19	168	57,5	d	0	2	
426	20	171	61	d	0	4	
427	18	178	73	h	1	3	
428	21	165	62	d	0	2	
429	20	173	55	d	0	4	
430	20	168,5	70	h	0	4	
431	49	170	75	d	0	3	
432	53	174	81	h	1	1	
433	18	184	75	h	0	4	
434	19	168	53	d	1	3	
435	19	179	73	h	1	1	
436	20	168	55	d	1	4	
437	22	167	57	d	1	4	
438	20	165	58	d	0	3	
439	21	166	55,5	d	0	2	
440	17	163	53	d	1	2	
441	18	189	74	h	0	4	
442	46	169	75	d	0	1	
443	46	182	100	h	0	1	
444	17	174	65	d	0	2	
445	22	158	68	d	1	1	
446	20	170	60	h	1	2	
447	50	169	80	h	0	1	
448	36	170	60	d	1	1	
449	20	187	78	h	0	4	
450	17	170	87	h	1	1	
451	18	163	88	d	0	3	
452	18	170	55	h	0	3	
453	23	169	60	h	0	4	
454	25	155	50	d	1	2	
455	22	178	80	h	1	2	
456	21	189	78	h	0	4	
457	19	192	80	h	0	4	
458	38	171	89	h	1	1	
459	40	181	100	h	1	1	
460	40	160	70	d	0	1	
461	22	163	67	d	0	3	
462	40	165	70	d	1	3	
463	24	175	75	h	1	2	
464	32	172	73	h	1	4	
465	29	176	68	h	1	4	
466	25	162	63	d	0	1	
467	97	169	74	h	0	4	
468	22	170	58	d	1	3	
469	21	162	58	d	1	4	
470	33	174	80	h	0	1	
471	22	173	69	h	0	2	
472	55	180	80	h	0	2	
473	54	175	75	h	1	1	
474	19	162	83	d	0	1	
475	23	173	89	h	1	4	
476	26	175	73	d	1	3	
477	30	158	65	d	1	3	
478	22	165	73	d	1	4	
479	24	169	78	h	0	3	
480	43	160	83	d	0	1	
481	20	190	78	h	0	4	
482	20	180	68	h	0	4	
483	19	170	60	h	0	1	
484	19	165	75	h	0	3	
485	18	165	62	h	0	2	
486	20	185	79	h	1	4	
487	20	170	60	h	0	4	
488	19	198	80	h	0	3	
489	19	167	65	h	0	3	
490	20	187	77	h	0	4	
491	21	165	57	d	0	3	
492	20	162	53	d	0	1	
493	19	162	56	d	0	2	
494	18	163	50	d	0	3	
495	19	167	55	d	0	3	
496	19	165	54	d	0	1	
497	19	166	52	d	0	1	
498	19	157	50	d	0	3	
499	18	169	54	d	0	4	
500	19	163	48	d	0	3	
501	18	170	54	d	0	4	
502	18	169	64	d	1	4	
503	49	180	80	h	0	4	
504	48	175	64	d	0	4	
505	24	150	60	d	1	3	
506	70	185	82	h	1	3	
507	18	172	52	d	1	2	
508	21	178	65	h	0	4	
509	19	180	68	h	0	4	
510	20	176	64	h	1	4	
511	34	172	68	d	0	3	
512	18	175	57	d	0	3	
513	22	180	60	d	1	4	
514	17	171	50	d	0	3	
515	19	172	56	d	1	2	
516	20	185	75	h	0	4	
517	27	187	78	h	1	4	
518	28	190	78	h	0	4	
519	53	177	60	d	0	3	
520	45	175	62	d	1	3	
521	17	157	70,5	d	0	4	
522	18	185	70	h	0	3	
523	18	180	68	h	0	2	
524	18	170	70	d	1	3	
525	18	185	77	h	0	4	
526	18	180	77	h	0	4	
527	18	181	69	h	0	4	
528	18	165	51	d	1	3	
529	20	172	85	h	0	2	
530	17	166	65	d	1	3	
531	17	172	78	h	0	4	
532	17	161	85	d	0	3	
533	18	164	75	d	1	3	
534	18	165	70	d	0	2	
535	17	182	71	h	0	4	
536	18	163	58	d	0	2	
537	21	150	68	d	0	4	
538	23	152	72	h	0	1	
539	18	170	65	h	0	4	
540	18	165	46	d	1	2	
541	17	186	74	h	0	4	
542	18	183	75	h	1	2	
543	18	175	64	h	0	3	
544	18	177	68	h	0	3	
545	18	169	55	d	0	2	
546	18	173	62	h	0	4	
547	18	190	82	h	0	4	
548	18	165	48	d	0	2	
549	18	162	47	d	0	4	
550	18	182	80	h	1	3	
551	18	177	73	h	0	4	
552	18	181	66	d	0	4	
553	18	185	72	h	0	4	
554	18	167	55	h	0	2	
555	18	193	98	h	0	1	
556	18	192	89	h	1	4	
557	18	170	54	d	0	2	
558	18	162	49	d	1	2	
559	15	181	72	d	0	2	
560	17	168	54	d	0	3	
561	18	165	56	d	0	3	
562	55	190	93	h	1	3	
563	53	171	67	h	1	2	
564	52	162	50	d	1	1	
565	17	165	50	h	0	1	
566	19	165	62	d	0	3	
567	17	154	57	d	0	3	
568	17	152	57	d	0	3	
569	17	165	90	d	0	4	
570	18	185	75	h	0	3	
571	19	165	57	d	0	1	
572	18	183	80	h	0	3	
573	18	183	82	h	0	4	
574	19	170	72	d	1	3	
575	16	165	48	d	0	3	
576	18	165	62	d	0	3	
577	18	167	57	d	0	3	
578	18	187	87	h	0	2	
579	18	166	55	d	0	1	
580	17	176	56	d	0	3	
581	21	168	70	d	0	1	
582	19	168	59	d	1	4	
583	22	161	55	d	0	3	
584	21	171	50	d	0	3	
585	21	156	55	d	0	3	
586	22	170	54	d	1	3	
587	30	166	80	d	1	1	
588	54	160	75	h	0	4	
589	22	185	73	h	0	4	
590	43	183	74	h	0	4	
591	33	168	70	d	1	1	
592	28	162	62	d	1	2	
593	47	174	85	h	1	4	
594	25	175	70	h	0	2	
595	21	157	50	d	1	4	
596	24	170	80	h	1	4	
597	35	165	75	d	1	3	
598	22	163	62	h	0	3	
599	23	169	73	h	0	2	
600	27	175	65	h	0	2	
601	18	170	72	d	0	3	
602	18	157	42	d	0	3	
603	18	170	59	d	0	3	
604	18	156	46	d	0	3	
605	18	190	93	h	0	4	
606	18	170	55	d	0	3	
607	49	167	69	h	0	2	
608	47	159	73	d	0	1	
609	24	179	90	h	0	2	
610	49	149	60	d	0	3	
611	49	172	95	h	1	1	
612	14	150	55	d	0	2	
613	18	165	60	d	0	2	
614	18	165	65	d	0	4	
615	47	175	70	h	0	1	
616	18	187	90	h	1	1	
617	17	166	58	h	1	2	
618	19	161	55	d	1	2	
619	18	196	92	h	1	1	
620	37	168	69	d	1	4	
621	18	163	53	d	0	4	
622	22	170	65	h	1	2	
623	17	152	49	d	0	2	
624	17	170	60	d	1	4	
625	18	165	58	h	1	3	
626	17	168	60	h	1	2	
627	18	183	70	d	1	2	
628	18	168	63	d	1	3	
629	17	170	62	h	0	4	
630	18	176	70	h	0	3	
631	18	195	78	h	0	4	
632	18	166	59	h	1	2	
633	18	166	57	d	1	2	
634	19	164	58	d	0	3	
635	18	169	63	d	0	1	
636	17	166	59	d	0	3	
637	23	176	80	h	1	3	
638	17	162	66	d	1	2	
639	21	165	60	d	0	2	
640	18	179	84	h	0	4	
641	19	159	42	d	0	3	
642	18	167	60	d	0	3	
643	18	167	50	d	1	3	
644	22	161	56	d	1	3	
645	48	162	59	d	0	3	
646	16	170	62	d	0	4	
647	18	160	47	d	0	2	
648	52	182	122	h	0	3	
649	26	177	70	h	0	4	
650	18	174	55	h	0	4	
651	18	165	55	d	0	3	
652	18	178	67	h	0	4	
653	20	169	63	d	0	2	
654	21	164	80	h	0	4	
655	17	162	52	d	1	3	
656	17	170	60	h	0	4	
657	14	186	67	h	0	2	
658	22	172	55	h	1	4	
659	26	176	65	h	0	4	
660	17	190	80	h	1	2	
661	20	168	54	d	0	3	
662	20	156	50	d	0	3	
663	17	169	60	d	0	3	
664	51	166	65	d	1	3	
665	19	167	55	d	0	2	
666	22	168	56	d	0	2	
667	26	167	60	d	0	1	
668	40	164	60	d	0	3	
669	24	165	58	d	0	2	
670	20	158	53	d	0	3	
671	20	170	56	d	0	1	
672	19	183	70	h	0	3	
673	21	173	72	h	0	2	
674	52	186	97	h	1	4	
675	20	183	90	h	1	4	
676	17	187	74	h	0	4	
677	20	184	72	h	1	1	
678	25	186	78	h	1	4	
679	24	183	73	h	1	1	
680	26	170	67	h	0	3	
681	16	170	60	d	0	3	
682	16	170	61	d	1	1	
683	17	170	75	d	1	2	
684	15	175	55	d	0	4	
685	49	170	90	d	0	3	
686	54	175	75	h	0	2	
687	18	164	58	d	0	3	
688	18	163	59	d	0	3	
689	18	164	52	d	0	3	
690	18	175	57	d	0	3	
691	18	172	61	d	1	4	
692	18	178	65	h	1	3	
693	18	168	55	d	1	2	
694	18	172	63	h	1	2	
695	18	160	56	d	0	1	
696	18	161	59	h	0	4	
697	18	167	58	h	0	1	
698	18	157	57	h	0	3	
699	18	160	58	d	0	2	
700	18	192	90	h	0	1	
701	21	162	50	d	0	3	
702	24	166	56	d	0	3	
703	18	166	57	d	0	2	
704	18	160	58	d	0	4	
705	18	158	60	d	0	2	
706	18	178	75	d	0	3	
707	18	177	70	h	0	4	
708	20	180	62	h	0	4	
709	18	177	81	h	0	4	
710	28	185	85	h	1	1	
711	18	183	76	h	0	4	
712	18	175	57	d	0	4	
713	18	164	57	d	0	3	
714	18	163	59	d	0	3	
715	17	187	85	d	1	1	
716	18	164	52	d	0	3	
717	18	170	48	d	1	4	
718	18	159	54	d	0	4	
719	18	176	59	d	1	1	
720	19	162	61	d	0	2	
721	18	162	55	d	0	2	
722	18	173	60	h	1	2	
723	17	164	60	d	0	2	
724	18	163	51	d	0	1	
725	21	168	68	h	0	2	
726	23	178	70	h	0	4	
727	18	166	53	d	0	1	
728	18	171	55	d	0	3	
729	18	168	60	h	0	2	
730	18	165	52	d	0	2	
731	27	176	72	h	0	3	
732	18	160	47	d	1	4	
733	18	169	57	d	0	2	
734	18	174	54	h	0	3	
735	50	168	66	d	0	3	
736	50	170	80	h	1	1	
737	24	175	65	h	0	2	
738	23	170	68	d	0	3	
739	18	168	53	d	0	3	
740	19	167	56	h	0	2	
741	22	180	67	h	1	4	
742	20	178	67	h	0	2	
743	51	176	98	h	1	1	
744	49	165	57	d	0	3	
745	48	178	63	h	1	3	
746	48	161	55	d	0	3	
747	17	180	80	h	0	4	
748	17	171	56	d	0	2	
749	17	172	61	h	0	2	
750	17	176	88	h	0	4	
751	17	159	47	d	0	2	
752	17	179	75	h	1	4	
753	51	158	57	d	0	2	
754	41	168	70	d	0	3	
755	7	123	19	d	0	2	
756	76	150	46	d	0	3	
757	78	168	65	h	0	1	
758	44	182	77	h	0	2	
759	11	148	32	d	0	2	
760	19	185	70	h	1	2	
761	18	176	66	h	0	4	
762	46	184	80	h	0	2	
763	47	160	54	d	0	4	
764	15	172	58	d	0	2	
765	18	180	90	h	0	4	
766	13	170	60	h	0	2	
767	18	163	51	d	0	4	
768	17	171	50	h	1	4	
769	18	171	61	h	0	3	
770	18	190	83	h	1	4	
771	18	180	66	h	0	4	
772	15	184	65	h	0	4	
773	75	160	52	h	0	3	
774	70	153	49	d	0	3	
775	18	182	74	h	0	2	
776	17	182	68	h	0	4	
777	18	170	53	h	0	2	
778	18	190	88	h	1	3	
779	18	183	70	h	0	4	
780	17	173	60	d	1	2	
781	18	156	46	d	0	3	
782	49	163	58	d	1	3	
783	17	171	48	d	0	2	
784	18	163	57	d	0	3	
785	39	163	57	d	1	3	
786	17	184	70	h	1	3	
787	18	168	70	d	0	3	
788	50	169	69	h	0	3	
789	19	183	80	h	1	2	
790	18	181	73	h	1	2	
791	18	176	71	h	0	2	
792	18	188	80	h	0	4	
793	48	170	74	d	1	3	
794	18	157	42	d	0	3	
795	18	162	50	d	0	4	
796	18	170	59	d	0	3	
797	18	168	65	d	0	3	
798	18	160	51	d	1	2	
799	18	168	65	h	0	4	
800	18	169	79	h	0	3	
801	18	162	60	d	0	3	
802	18	165	63	d	1	2	
803	18	170	55	d	0	1	
804	21	175	57	d	0	1	
805	18	160	53	d	0	4	
806	18	160	71	d	0	3	
807	18	171	73	h	1	1	
808	19	182	80	h	0	2	
809	22	163	62	d	1	1	
810	19	184	77	h	0	2	
811	19	184	83	h	0	1	
812	19	179	85	h	1	3	
813	18	160	55	d	1	4	
814	17	163	53	d	0	4	
815	21	170	57	d	1	3	
816	18	171	55	d	1	1	
817	18	165	56	d	1	2	
818	18	170	79	h	1	1	
819	18	180	67	h	0	4	
820	19	164	60	h	0	4	
821	18	162	67,3	d	0	3	
822	17	163	58,7	d	0	3	
823	17	163	55,2	d	0	3	
824	21	164	53	d	1	3	
825	18	165	68,2	d	0	2	
826	17	163	54,5	d	0	3	
827	25	161	58	d	1	2	
828	17	165	54,9	d	0	3	
829	19	171	70,2	h	1	3	
830	19	169	61,5	h	0	3	
831	18	177	69,8	h	0	3	
832	18	168	65,1	h	0	3	
833	17	169	62,2	h	0	3	
834	17	169	60,5	h	0	3	
835	29	168	56	h	0	2	
836	29	174	68,7	h	0	3	
837	18	175	71,4	h	1	3	
838	18	176	72,4	h	0	4	
839	20	168	69,8	h	0	3	
840	17	164	64,3	h	0	2	
841	18	169	60	d	0	3	
842	18	174	65	h	0	4	
843	19	170	60	h	0	3	
844	19	181	60	h	0	3	
845	20	168	65	h	0	2	
846	24	180	70	h	0	4	
847	18	168	60	d	0	3	
848	18	176	62	h	0	2	
849	19	165	54	d	0	3	
850	16	167	57	d	0	1	
851	17	170	56	d	0	3	
852	15	171	62	d	0	2	
853	17	164	59	d	0	2	
854	18	164	60	d	0	4	
855	17	181	66	h	0	3	
856	18	180	65	h	0	4	
857	17	178	62	h	0	3	
858	19	160	60	h	1	3	
859	16	167	55	d	0	2	
860	17	173	56	d	0	3	
861	18	161	61	d	0	4	
862	29	155	68	d	0	3	
863	40	165	83	d	1	3	
864	43	165	85	d	0	1	
865	18	165	68	d	0	3	
866	18	170	59	d	0	4	
867	18	160	50	d	0	4	
868	15	151	53	d	0	3	
869	17	161	62	d	0	3	
870	61	165	68	d	0	3	
871	62	150	59	d	0	3	
872	59	173	85	h	0	4	
873	30	180	73	h	0	3	
874	30	154	70	h	0	1	
875	83	170	70	h	0	3	
876	50	165	72	h	0	3	
877	60	173	72	h	0	2	
878	41	180	90	h	1	3	
879	52	171	73	h	1	2	
880	52	178	150	h	0	2	
881	21	168	68	d	0	1	
882	19	170	55	d	1	4	
883	22	170	60	d	0	3	
884	21	175	63	d	1	3	
885	21	155	51	d	0	3	
886	22	171	55	d	1	3	
887	30	165	62	d	1	1	
888	54	162	78	h	0	4	
889	22	183	74	h	0	4	
890	43	183	80	h	0	4	
891	33	170	72	d	1	1	
892	28	160	60	d	1	3	
893	47	174	90	d	1	1	
894	20	158	52	h	1	4	
895	24	171	62	h	0	4	
896	55	175	83	d	1	3	
897	52	150	49	d	1	3	
898	21	163	63	h	1	2	
899	22	170	62	h	1	4	
900	90	179	69	h	0	4	
901	43	168	74	d	0	3	
902	17	170	68	d	0	2	
903	69	158	64	d	0	3	
904	18	170	71	d	1	2	
905	17	160	68	d	1	2	
906	18	170	50	d	1	4	
907	17	170	70	d	0	2	
908	18	160	64	d	0	3	
909	23	180	70	d	0	4	
910	30	190	85	d	0	2	
911	19	190	75	h	0	1	
912	22	160	55	h	0	2	
913	20	172	50	h	0	2	
914	24	172	60	h	1	3	
915	21	180	70	h	0	3	
916	20	190	80	h	0	4	
917	19	178	90	h	0	2	
918	73	162	87	h	0	2	
919	17	162	59	h	0	2	
920	45	170	80	h	0	1	
921	18	170	50	d	0	3	
922	18	163	55	d	0	4	
923	18	180	70	h	1	2	
924	18	168	49	d	1	3	
925	17	172	50	d	1	3	
926	53	183	98	h	1	3	
927	49	161	56	d	1	3	
928	78	158	68	d	0	3	
929	11	155	43	d	0	2	
930	18	165	53	d	1	4	
931	18	185	60	h	1	3	
932	24	180	65	h	1	2	
933	23	160	48	d	1	3	
934	17	163	55	d	1	1	
935	18	175	70	h	1	4	
936	23	162	65	d	1	3	
937	83	155	72	d	0	1	
938	17	165	50	d	1	3	
939	19	180	65	h	0	4	
940	32	175	70	h	0	2	
941	18	180	63	h	0	2	
942	18	176	60	h	0	1	
943	18	184	65	h	0	4	
944	18	179	64	h	0	3	
945	18	180	78	h	1	2	
946	18	162	60	d	1	2	
947	18	167	59	d	0	4	
948	18	175	62	h	1	2	
949	18	180	80	h	1	3	
950	18	191	89	h	0	4	
951	17	179	75	h	0	2	
952	19	168	60	d	0	2	
953	17	177	69	h	0	3	
954	18	165	64	d	0	2	
955	18	164	63	d	0	2	
956	18	170	67	d	0	2	
957	17	182	83	h	1	3	
958	17	179	70	h	0	3	
959	18	167	60	d	1	2	
960	17	162	64	d	1	2	
961	18	177	69	h	0	4	
962	18	173	73	h	1	1	
963	19	172	66	h	0	4	
964	18	173	65	h	1	4	
965	18	176	58	h	1	3	
966	18	176	64	h	0	4	
967	17	181	80	h	1	1	
968	19	185	72	h	1	4	
969	18	176	56	h	0	2	
970	23	175	70	h	0	3	
971	20	165	63	d	1	1	
972	18	159	45	d	1	1	
973	18	171	45	d	1	3	
974	18	173	62	d	0	2	
975	18	160	55	d	1	4	
976	18	172	53	d	0	2	
977	18	157	42	d	1	2	
978	18	166	52	d	0	4	
979	18	156	51	d	0	2	
980	18	173	55	d	1	2	
981	30	165	55	d	0	4	
982	49	168	72	d	0	3	
983	22	187	75	h	0	4	
984	49	175	71	h	0	4	
985	22	181	81	h	1	2	
986	40	164	60	d	0	3	
987	37	171	65	d	1	3	
988	27	190	86	h	0	4	
989	33	163	70	d	0	4	
990	24	160	61	d	0	4	
991	32	186	83	h	1	1	
992	29	183	76	h	1	2	
993	22	169	60	h	1	1	
994	18	175	69	h	1	3	
995	19	159	50	d	0	4	
996	18	177	73	h	1	3	
997	24	165	56	d	0	2	
998	26	169	59	d	0	4	
999	32	163	57	d	1	1	
1000	37	191	90	h	1	3	
1001	18	180	74	h	0	3	
1002	15	155	40	h	0	3	
1003	21	175	75	h	0	4	
1004	16	173	63	h	1	1	
1005	18	185	75	h	1	2	
1006	19	173	69	h	0	2	
1007	17	171	68	h	0	3	
1008	20	185	80	h	0	2	
1009	25	180	78	h	0	3	
1010	20	169	70	h	0	1	
1011	19	186	74	d	1	2	
1012	17	168	71	d	0	1	
1013	18	173	63	d	0	1	
1014	19	178	70	d	0	4	
1015	21	160	65	d	1	1	
1016	18	172	63	d	0	2	
1017	18	169	67	d	0	4	
1018	18	170	63	d	0	4	
1019	18	170	63	d	0	4	
1020	18	172	64	d	1	2	
1021	18	179	80	d	0	1	
1022	17	167	50	d	0	4	
1023	18	187	84	h	0	1	
1024	18	166	55	d	0	3	
1025	23	170	80	d	1	4	
1026	17	170	49	d	0	2	
1027	18	170	60	h	1	2	
1028	15	165	48	d	0	3	
1029	18	172	65	h	1	4	
1030	18	165	65	h	0	4	
1031	18	168	70	d	0	3	
1032	22	163	58	d	0	3	
1033	17	173	60	d	0	2	
1034	18	190	78	h	0	2	
1035	18	180	75	h	1	2	
1036	18	165	52	d	0	3	
1037	23	193	85	h	0	4	
1038	26	170	72	h	0	4	
1039	27	175	77	h	0	3	
1040	20	185	75	h	0	3	
1041	18	183	77	h	0	4	
1042	20	191	94	h	0	4	
1043	53	180	100	h	0	2	
1044	59	165	65	d	0	3	
1045	89	157	56	d	0	3	
1046	16	160	50	d	0	4	
1047	36	177	80	h	1	4	
1048	35	155	55	d	1	3	
1049	17	169	55	d	0	4	
1050	57	165	81	h	0	3	
1051	53	170	60	d	0	4	
1052	22	168	60	d	0	4	
1053	48	159	72	d	0	3	
1054	17	178	67	h	0	4	
1055	11	154	43	d	0	1	
1056	44	186	92	h	0	3	
1057	42	152	60	d	0	1	
1058	16	158	48	d	1	4	
1059	17	180	70	h	0	4	
1060	20	177	82	h	1	4	
1061	81	155	68	d	0	1	
1062	54	160	58	d	0	1	
1063	55	171	93	h	0	1	
1064	29	163	68	d	0	3	
1065	22	180	80	h	1	2	
1066	36	187	84	h	0	2	
1067	36	175	69	d	1	1	
1068	49	171	70	h	0	1	
1069	47	164	57	d	0	3	
1070	45	176	80	h	0	1	
1071	14	162	52	d	0	1	
1072	17	172	59	h	0	2	
1073	74	153	72	d	0	1	
1074	73	172	63	h	0	1	
1075	57	158	53	d	1	1	
1076	59	169	68	h	1	1	
1077	44	166	77	h	1	2	
1078	58	171	67	h	0	1	
1079	21	170	64	h	0	4	
1080	31	182	77	h	1	1	
1081	20	195	95	h	0	4	
1082	20	179	61	h	0	4	
1083	20	183	95	h	0	2	
1084	20	174	81	h	0	4	
1085	19	180	70	h	0	4	
1086	20	173	60	h	0	2	
1087	21	157	54	d	0	3	
1088	22	163	48	d	1	2	
1089	20	164	65	d	0	3	
1090	20	181	67	h	0	2	
1091	18	176	70	h	0	4	
1092	20	164	56	d	0	3	
1093	17	170	60	h	0	2	
1094	18	167	52	d	0	1	
1095	20	157	50	d	0	4	
1096	18	180	63	h	0	2	
1097	18	178	60	h	0	2	
1098	21	164	56	d	0	4	
1099	21	171	54	d	0	4	
1100	18	180	60	d	1	4	
1101	18	168	64	d	1	3	
1102	21	160	59	d	0	4	
1103	18	156	72	d	0	3	
1104	18	167	50	d	1	4	
1105	18	165	63	d	1	3	
1106	18	160	65	d	0	4	
1107	18	165	60	d	0	4	
1108	18	170	36	d	0	3	
1109	25	170	75	h	0	2	
1110	22	190	80	h	1	2	
1111	23	188	78	h	0	3	
1112	24	170	79	h	0	4	
1113	45	162	63	d	0	1	
1114	49	170	78	h	0	1	
1115	24	172	62	d	1	3	
1116	18	172	70	h	1	4	
1117	55	163	60	d	0	3	
1118	54	170	70	h	0	4	
1119	26	168	70	h	1	2	
1120	22	152	55	d	0	2	
1121	18	176	60	h	0	1	
1122	18	162	60	d	1	2	
1123	18	179	64	h	0	3	
1124	18	180	63	h	1	2	
1125	19	165	75	d	0	2	
1126	19	170	75	h	0	2	
1127	18	180	80	h	0	2	
1128	18	190	90	h	0	4	
1129	22	170	87	h	1	2	
1130	32	172	74	d	1	3	
1131	50	171	70	d	1	4	
1132	48	180	80	h	0	2	
1133	17	160	60	d	1	1	
1134	18	152	52	d	1	4	
1135	18	181	70	h	0	1	
1136	18	170	60	d	0	2	
1137	17	182	76	d	0	2	
1138	29	176	90	h	0	3	
1139	16	180	80	h	1	2	
1140	22	160	79	d	0	1	
1141	16	185	72	h	0	2	
1142	16	159	58	d	0	2	
1143	18	169	61,5	d	0	4	
1144	15	160	45	h	0	2	
1145	17	160	56	d	0	2	
1146	18	165	61	d	0	3	
1147	17	160	45	d	0	3	
1148	17	175	73	h	0	4	
1149	17	175	64	d	0	4	
1150	19	164	66	d	0	3	
1151	17	160	55	d	0	4	
1152	19	158	50	d	1	2	
1153	18	156	50	d	0	3	
1154	21	178	75	h	1	4	
1155	18	160	45	d	0	3	
1156	20	180	85	h	0	3	
1157	19	170	58	d	1	2	
1158	24	180	70	h	0	1	
1159	18	170	73	d	1	2	
1160	16	175	70	h	1	3	
1161	18	164	52	d	0	3	
1162	18	171	59	d	0	3	
1163	18	165	80	d	1	3	
1164	18	173	61	h	0	3	
1165	17	170	54	d	0	3	
1166	16	168	65	h	0	2	
1167	18	174	63	h	0	4	
1168	18	176	67	d	0	1	
1169	18	170	65	d	1	3	
1170	17	169	53	d	1	1	
1171	18	161	50	d	1	2	
1172	19	159	48	d	1	2	
1173	18	171	55	d	1	3	
1174	18	176	65	h	0	4	
1175	19	177	52	h	0	3	
1176	19	175	72	h	0	2	
1177	17	166	55	d	0	3	
1178	18	167	50	d	1	3	
1179	18	163	56	h	0	3	
1180	18	163	51	d	1	1	
1181	18	175	54	d	0	3	
1182	17	169	57	d	0	1	
1183	17	172	50	d	0	1	
1184	17	160	54	d	0	2	
1185	19	183	76	h	0	2	
1186	19	169	63	d	0	2	
1187	17	173	45	d	0	2	
1188	18	180	77	h	0	4	
1189	16	182	60	h	1	2	
1190	16	178	63	h	1	2	
1191	17	158	43	d	0	2	
1192	19	185	80	h	0	1	
1193	19	185	73	h	0	4	
1194	21	170	67	d	0	2	
1195	21	168	70	d	0	2	
1196	23	180	75	h	0	3	
1197	18	179	65	h	0	4	
1198	17	189	79	h	1	4	
1199	18	187	76	h	1	4	
1200	17	163	59	d	0	2	
1201	55	167	66	h	0	4	
1202	49	171	76	d	0	2	
1203	18	180	75	h	0	4	
1204	18	158	45	d	0	1	
1205	21	160	50	d	0	2	
1206	16	159	50	d	0	1	
1207	71	151	53	d	0	1	
1208	18	172	62	d	0	4	
1209	18	160	64	d	0	1	
1210	19	178	65	h	0	2	
1211	54	160	60	h	0	1	
1212	44	161	63	d	0	1	
1213	27	150	50	d	0	3	
1214	27	165	64	h	0	4	
1215	18	180	80	h	0	4	
1216	18	185	72	h	1	4	
1217	22	177	85	h	0	4	
1218	18	183	75	h	0	4	
1219	19	175	90	h	1	4	
1220	18	186	80	h	0	4	
1221	18	178	75	h	0	2	
1222	18	176	62	h	0	2	
1223	18	153	48	d	1	3	
1224	18	177	65	h	1	2	
1225	18	178	78	h	0	2	
1226	50	168	60	d	0	4	
1227	18	174	62	d	0	2	
1228	18	155	53	d	1	2	
1229	18	153	50	d	0	1	
1230	18	175	64	d	1	2	
1231	18	177	60	h	0	3	
1232	18	178	87	h	0	2	
1233	40	184	100	h	0	2	
1234	27	190	110	h	1	4	
1235	18	179	70	h	0	2	
1236	18	178	65	h	1	3	
1237	19	172	76	h	1	1	
1238	20	173	56	h	1	4	
1239	18	169	73	d	1	3	
1240	20	179	79	h	1	2	
1241	17	163	60	d	0	2	
1242	18	157	50	d	0	2	
1243	18	170	68	h	0	3	
1244	17	155	52	d	0	1	
1245	18	168	65	h	0	3	
1246	17	185	70	h	0	3	
1247	18	170	57	d	0	2	
1248	18	167	51	d	0	3	
1249	18	168	68	d	0	4	
1250	18	150	38	d	0	1	
1251	18	177	68	h	1	4	
1252	17	175	78	h	0	2	
1253	17	184	70	h	0	3	
1254	17	152	51	d	0	3	
1255	17	173	57	h	0	3	
1256	18	167	47	d	0	3	
1257	18	180	76	h	0	4	
1258	18	190	95	h	1	3	
1259	18	170	70	d	1	3	
1260	18	175	76	h	0	4	
1261	19	170	72	d	0	1	
1262	19	170	65	h	1	3	
1263	30	175	70	h	1	3	
1264	20	155	56	d	0	3	
1265	19	158	56	d	1	3	
1266	24	163	57	d	1	3	
1267	47	154	55	d	1	1	
1268	33	170	64	h	1	4	
1269	41	160	60	d	1	3	
1270	27	167	53	d	0	3	
1271	35	169	71	h	1	3	
1272	19	168	64	h	1	2	
1273	23	170	72	d	1	4	
1274	17	176	64	d	0	1	
1275	45	158	67	d	0	2	
1276	19	175	65	h	0	3	
1277	52	165	72	d	1	3	
1278	51	178	70	h	1	2	
1279	19	155	60	d	0	1	
1280	59	153	68	d	0	3	
1281	18	178	70	h	0	2	
1282	18	166	58	d	1	2	
1283	17	160	59	d	0	2	
1284	18	183	70	h	0	4	
1285	18	165	55	d	1	3	
1286	16	162	60	d	1	2	
1287	20	175	70	h	1	1	
1288	21	180	72	h	0	1	
1289	18	170	68	h	0	4	
1290	17	185	70	h	0	1	
1291	16	167	54	d	1	2	
1292	17	190	75	h	0	3	
1293	18	179	70	h	0	4	
1294	18	167	60	d	0	4	
1295	18	163	68	d	0	3	
1296	18	170	58	d	1	3	
1297	17	170	80	h	1	1	
1298	20	165	70	d	1	3	
1299	18	158	58	d	1	2	
1300	19	165	60	d	0	4	
1301	18	165	52	d	1	3	
1302	18	170	56	h	1	3	
1303	18	175	62	h	1	4	
1304	19	160	50	d	1	3	
1305	16	170	58	h	1	2	
1306	47	166	50	d	0	3	
1307	18	170	55	h	1	3	
1308	18	162	52	d	0	3	
1309	18	190	78	h	0	4	
1310	15	162	51	d	0	4	
1311	18	172	73	h	0	2	
1312	17	166	60	d	1	4	
1313	16	169	48	d	1	4	
1314	18	171	58	d	0	2	
1315	19	165	52	d	0	3	
1316	18	190	100	h	1	3	
1317	19	166	65	d	1	3	
1318	18	181	63	h	0	3	
1319	18	179	72	h	1	4	
1320	15	162	45	d	1	2	
1321	18	163	46	d	0	2	
1322	53	160	50	d	0	3	
1323	58	154	54	d	0	3	
1324	16	155	43	d	0	2	
1325	61	167	71	h	0	2	
1326	21	169	60	h	0	4	
1327	16	170	57	d	0	2	
1328	17	168	55	h	0	4	
1329	15	153	42	h	0	3	
1330	16	155	51	h	0	2	
1331	17	157	60	d	0	3	
1332	18	174	55	d	0	4	
1333	17	156	43	d	0	4	
1334	18	157	63	d	0	1	
1335	22	185	67	h	0	2	
1336	19	185	69	h	0	4	
1337	16	160	45	d	0	3	
1338	18	165	54	d	1	3	
1339	20	174	58	h	0	4	
1340	20	160	56	d	0	2	
1341	17	158	50	d	0	1	
1342	17	167	66	d	0	2	
1343	18	162	50	d	0	4	
1344	18	156	46	d	0	3	
1345	18	157	42	d	0	3	
1346	19	170	72	d	0	3	
1347	18	164	56	d	0	2	
1348	18	160	53	d	0	2	
1349	50	160	69	d	0	3	
1350	15	165	70	h	0	1	
1351	54	170	86	h	0	3	
1352	19	173	49	d	0	3	
1353	19	168	66	h	0	3	
1354	37	178	74	h	1	2	
1355	37	166	56	d	1	2	
1356	39	186	86	h	1	4	
1357	79	170	100	h	0	1	
1358	77	156	59	d	0	3	
1359	49	187	91	h	0	4	
1360	18	170	59	d	1	3	
1361	18	156	46	d	0	1	
1362	18	173	63	d	0	4	
1363	18	177	75	h	0	3	
1364	18	169	75	d	0	3	
1365	18	155	55	d	0	3	
1366	17	189	64	h	0	3	
1367	18	180	60	h	0	1	
1368	18	183	66	h	0	1	
1369	20	168	56	d	1	3	
1370	18	172	65	d	0	3	
1371	18	185	78	h	1	4	
1372	19	177	76	h	1	4	
1373	19	173	70	h	1	3	
1374	19	175	75	h	0	3	
1375	20	173	70	h	0	1	
1376	18	163	60	d	0	3	
1377	18	168	53	d	1	2	
1378	19	155	54	d	0	3	
1379	18	160	54	d	0	3	
1380	18	158	50	d	1	1	
1381	18	159	54	d	0	3	
1382	18	172	60	h	1	2	
1383	17	161	40	d	1	2	
1384	18	160	50	d	1	1	
1385	19	180	80	h	0	4	
1386	19	162	46	d	1	3	
1387	18	175	72	h	1	2	
1388	21	181	72	h	0	4	
1389	20	168	65	h	0	3	
1390	18	184	65	h	0	3	
1391	18	163	55	d	0	3	
1392	19	170	58	h	1	3	
1393	21	174	75	h	0	2	
1394	19	175	64,5	h	0	2	
1395	18	165	56	d	1	3	
1396	18	153	52	d	0	3	
1397	18	162	53	d	0	2	
1398	20	168	58	d	1	4	
1399	18	169	55	d	1	3	
1400	17	172	65	h	1	4	
1401	18	163	53	d	1	2	
1402	23	174	60	h	0	4	
1403	24	157	52	d	1	1	
1404	22	169	68	h	1	4	
1405	20	158	50	d	1	1	
1406	24	150	44	d	0	3	
1407	19	163	54	d	0	1	
1408	19	159	58	d	0	3	
1409	20	161	46	d	0	2	
1410	18	157	49	d	0	2	
1411	18	156	46	d	1	4	
1412	22	173	68	h	0	4	
1413	22	185	70	h	0	2	
1414	16	160	52	d	0	1	
1415	17	158	57	d	1	2	
1416	17	178	58	h	1	4	
1417	20	180	70	h	1	3	
1418	32	160	53	d	1	2	
1419	30	168	64	h	1	1	
1420	23	168	58	d	0	1	
1421	18	150	40	d	0	2	
1422	17	176	57	d	1	3	
1423	14	165	54	d	1	2	
1424	19	172	57	d	1	3	
1425	19	162	48	d	0	3	
1426	17	165	74	d	0	4	
1427	18	165	60	d	1	4	
1428	19	170	50	d	0	4	
1429	19	168	60	d	1	1	
1430	18	173	59	d	1	2	
1431	17	167	68	d	0	1	
1432	16	175	48	d	1	2	
1433	19	172	60	d	0	4	
1434	25	182	76	h	1	2	
1435	18	170	47	h	1	3	
1436	25	188	88	h	1	2	
1437	28	185	86	h	1	4	
1438	18	170	53	h	0	3	
1439	19	183	63	h	1	3	
1440	17	176	61	h	0	3	
1441	22	170	55	d	1	3	
1442	21	180	65	h	1	3	
1443	32	185	70	h	1	3	
1444	17	170	58	h	1	4	
1445	21	179	69	h	1	4	
1446	17	170	75	h	1	4	
1447	18	173	57	h	1	4	
1448	25	174	72	h	1	3	
1449	25	194	80	h	1	4	
1450	22	165	66	h	1	2	
1451	19	179	80	h	0	3	
1452	25	170	65	h	1	4	
1453	16	170	57	h	1	4	
1454	17	170	62	h	1	4	
1455	59	171	68	h	1	3	
1456	19	157	50	d	1	3	
1457	24	180	74	h	1	3	
1458	18	174	65	h	0	3	
1459	21	160	60	d	1	3	
1460	32	183	67	h	1	2	
1461	47	172	72	d	1	1	
1462	12	152	48	d	0	3	
1463	17	168	62	d	1	2	
1464	18	172	60	d	0	4	
1465	18	162	54	d	0	2	
1466	37	169	68	d	1	3	
1467	17	166	58	d	1	1	
1468	19	158	47	d	1	1	
1469	14	181	86	h	0	2	
1470	18	180	74	h	0	1	
1471	18	172	65	h	1	2	
1472	19	191	80	h	1	3	
1473	19	179	76	h	1	4	
1474	20	180	82	h	0	2	
1475	22	184	83	h	1	1	
1476	18	178	76	h	0	3	
1477	18	172	63	h	1	3	
1478	19	175	68	h	1	2	
1479	20	180	75	h	1	4	
1480	36	182	80	h	1	4	
1481	47	172	72	d	1	1	
1482	12	152	48	d	0	3	
1483	17	168	62	d	1	2	
1484	18	172	60	d	0	4	
1485	18	162	54	d	0	2	
1486	37	169	68	d	1	3	
1487	17	166	58	d	1	1	
1488	19	158	47	d	1	1	
1489	14	181	86	h	0	2	
1490	18	180	74	h	0	1	
1491	18	172	65	h	1	2	
1492	19	191	80	h	1	3	
1493	19	179	76	h	1	4	
1494	20	180	82	h	0	2	
1495	22	184	83	h	1	1	
1496	18	178	76	h	0	3	
1497	18	172	63	h	1	3	
1498	19	175	68	h	1	2	
1499	20	180	75	h	1	4	
1500	36	182	80	h	1	4	
1501	18	184	61	h	0	4	
1502	15	169	50	h	0	2	
1503	45	175	72	h	0	4	
1504	45	170	65	d	0	4	
1505	65	165	70	h	0	1	
1506	30	181	84	h	0	4	
1507	42	175	85	h	0	1	
1508	28	178	69	h	1	2	
1509	20	180	78	h	0	4	
1510	51	177	75	d	1	1	
1511	19	176	76	d	0	2	
1512	16	162	48	d	1	2	
1513	26	179	70	h	0	1	
1514	21	171	76	d	1	2	
1515	21	151	47	d	0	1	
1516	43	160	55	h	1	3	
1517	19	180	85	d	0	4	
1518	20	163	59	h	1	2	
1519	17	172	65	d	1	2	
1520	43	170	63	h	0	3	
1521	21	172	60	d	0	2	
1522	18	173	65	d	0	4	
1523	50	179	80	h	0	4	
1524	13	167	48	h	0	1	
1525	46	175	72	d	0	3	
1526	18	180	68	h	0	4	
1527	18	179	65	d	1	2	
1528	16	165	55	d	0	2	
1529	18	165	52	d	0	2	
1530	19	179	63	h	0	4	
1531	18	179	68	h	0	4	
1532	17	172	58	h	0	2	
1533	21	160	41	h	0	2	
1534	18	172	65	d	1	3	
1535	18	162	51	d	1	2	
1536	18	156	46	d	0	4	
1537	18	175	90	h	1	4	
1538	18	168	58	d	1	2	
1539	21	176	62	h	1	4	
1540	21	183	75	h	1	4	
1541	26	170	67	h	0	2	
1542	24	178	60	h	0	2	
1543	26	175	105	h	0	2	
1544	25	183	74	h	0	2	
1545	21	157	42	h	0	2	
1546	19	155	50	d	0	2	
1547	20	176	63	h	1	2	
1548	18	162	53	d	0	3	
1549	26	162	60	d	0	1	
1550	22	190	70	h	0	3	
1551	24	190	78	h	0	4	
1552	19	187	72	h	1	3	
1553	20	169	60	d	0	1	
1554	17	164	59	h	0	4	
1555	28	161	53	d	0	3	
1556	53	157	56	d	1	3	
1557	56	162	65	h	1	3	
1558	26	167	66	h	0	2	
1559	28	171	61	h	1	4	
1560	20	163	44	d	1	3	
1561	49	170	77	h	1	4	
1562	49	160	60	d	1	3	
1563	30	177	110	h	0	2	
1564	18	160	58	d	0	4	
1565	27	164	58	d	1	4	
1566	9	139	29	d	0	4	
1567	22	183	80	h	1	4	
1568	50	157	70	d	0	1	
1569	54	170	87	h	0	1	
1570	40	176	80	d	1	2	
1571	42	167	60	h	1	1	
1572	42	170	70	h	0	4	
1573	22	172	60	h	0	4	
1574	20	162	57	d	0	4	
1575	7	130	22	h	0	1	
1576	81	175	70	h	0	1	
1577	80	150	52	d	0	3	
1578	20	160	57	d	0	2	
1579	26	162	56	d	1	2	
1580	28	168	76	h	1	3	
1581	18	162	56	d	1	3	
1582	15	170	53	d	0	2	
1583	19	173	59	d	1	3	
1584	20	172	55	d	0	3	
1585	20	175	74	h	1	4	
1586	20	176	73	h	1	3	
1587	21	178	73	h	1	4	
1588	20	172	68	h	1	4	
1589	15	158	48	d	0	2	
1590	16	166	54	d	0	4	
1591	20	164	57	d	0	3	
1592	21	167	55	d	1	3	
1593	23	177	75	h	0	2	
1594	18	160	51	d	1	1	
1595	21	159	52	d	1	1	
1596	24	174	68	d	0	2	
1597	23	168	56	d	1	4	
1598	24	182	77	h	0	4	
1599	22	180	82	h	1	1	
1600	21	177	72	h	1	4	
1601	17	168	58	d	0	3	
1602	18	175	80	h	0	4	
1603	19	160	55	d	0	3	
1604	17	183	75	h	0	4	
1605	18	170	69	d	1	3	
1606	19	173	46	d	0	3	
1607	18	160	64	d	0	1	
1608	19	185	86	h	0	2	
1609	18	183	85	h	0	3	
1610	17	170	69	d	0	3	
1611	18	190	90	h	1	3	
1612	17	164	58	d	0	3	
1613	17	180	65	h	0	2	
1614	19	169	60	d	0	1	
1615	18	184	74	h	0	4	
1616	18	181	72	h	1	1	
1617	18	155	50	d	0	1	
1618	18	163	53	d	1	3	
1619	18	184	75	h	1	4	
1620	19	166	60	d	1	3	
1621	18	173	67	d	0	4	
1622	17	193	86	h	0	4	
1623	17	163	52	d	0	4	
1624	22	160	52	d	0	2	
1625	57	193	113	h	0	1	
1626	47	157	68	d	0	3	
1627	52	172	74	d	1	1	
1628	79	173	79	d	0	1	
1629	77	175	85	h	0	1	
1630	18	161	54	d	0	2	
1631	18	159	55	d	1	1	
1632	17	170	62	d	0	2	
1633	17	186	79	h	0	4	
1634	18	164	53	d	0	3	
1635	18	181	70	h	0	4	
1636	18	178	68	h	0	3	
1637	19	165	60	d	1	2	
1638	46	162	67	d	1	1	
1639	48	179	84	h	1	1	
1640	19	169	68	d	0	4	
1641	18	184	79	h	0	4	
1642	18	194	80	h	0	3	
1643	18	184	120	h	0	1	
1644	15	165	55	h	0	2	
1645	14	157	45	d	0	3	
1646	17	162	67	d	1	4	
1647	21	173	75	h	1	1	
1648	19	182	77	h	1	2	
1649	18	190	80	h	0	3	
1650	17	162	60	d	0	1	
1651	18	170	70	h	1	1	
1652	19	172	65	d	1	2	
1653	25	166	72	d	0	2	
1654	24	180	89	h	1	3	
1655	30	179	100	h	1	4	
1656	16	169	67	d	0	2	
1657	15	162	64	d	0	3	
1658	14	150	55	d	0	3	
1659	18	176	72	h	0	2	
1660	19	182	77	h	1	1	
1661	18	158	60	d	0	3	
1662	43	160	71	d	0	3	
1663	67	153	80	d	0	1	
1664	14	165	49	d	0	2	
1665	18	178	75	d	0	2	
1666	36	171	65	d	0	3	
1667	50	161	73	d	1	1	
1668	48	170	62	d	0	3	
1669	83	163	75	d	0	1	
1670	30	163	58	d	0	1	
1671	73	175	70	h	0	4	
1672	18	180	65	h	0	2	
1673	14	163	58	h	0	2	
1674	48	173	90	h	1	3	
1675	17	190	80	h	1	4	
1676	54	175	71	h	0	3	
1677	32	183	75	h	0	4	
1678	51	171	99	h	1	2	
1679	81	170	80	h	1	1	
1680	70	155	65	h	1	4	
1681	17	180	55	h	0	2	
1682	17	160	52	d	0	4	
1683	18	176	70	h	0	3	
1684	18	156	56	d	1	3	
1685	18	160	54	d	0	1	
1686	18	165	62	d	1	3	
1687	18	165	60	d	0	3	
1688	17	195	67	h	0	2	
1689	17	167	63	h	0	4	
1690	18	182	64	h	0	3	
1691	22	164	56	d	0	3	
1692	18	177	64	h	0	3	
1693	18	168	69	d	0	3	
1694	25	188	125	h	1	3	
1695	21	160	57	d	1	3	
1696	33	165	76	d	1	2	
1697	21	188	80	h	0	4	
1698	18	181	67	h	0	4	
1699	18	184	63	h	1	2	
1700	18	173	67	h	0	3	
1701	18	178	75	d	0	2	
1702	15	162	51	d	0	1	
1703	47	165	80	d	1	3	
1704	53	175	76	h	1	1	
1705	18	160	55	d	0	3	
1706	80	158	63	d	0	1	
1707	79	177	95	h	0	3	
1708	33	172	85	d	0	3	
1709	18	170	60	d	0	3	
1710	18	167	55	d	0	3	
1711	18	176	70	h	1	2	
1712	18	189	77	h	1	2	
1713	18	160	66	d	0	1	
1714	18	162	62	d	0	3	
1715	18	165	52	d	0	3	
1716	18	169	65	d	0	1	
1717	18	165	62	d	0	3	
1718	86	170	80	h	0	3	
1719	78	155	62	d	0	1	
1720	16	157	45	d	0	2	
1721	18	183	90	h	0	3	
1722	18	185	70	h	0	4	
1723	17	179	72	h	1	2	
1724	18	182	78	h	0	2	
1725	17	176	70	h	0	4	
1726	17	160	70	d	1	1	
1727	18	163	68	h	1	4	
1728	19	170	80	h	1	4	
1729	18	180	76	h	1	4	
1730	18	170	65	d	0	4	
1731	17	169	64	d	1	3	
1732	18	173	66	d	1	3	
1733	18	188	82	h	0	4	
1734	18	167	67	d	1	2	
1735	18	159	58	d	0	2	
1736	18	170	64	d	1	1	
1737	18	167	60	d	0	1	
1738	18	185	80	h	0	2	
1739	18	167	60	h	0	2	
1740	18	177	88	h	1	1	
1741	20	164	55	d	0	3	
1742	21	183	89	h	1	4	
1743	22	172	59	d	1	3	
1744	48	177	78	h	1	4	
1745	47	154	54	d	0	3	
1746	14	170	67	h	0	4	
1747	18	158	55	d	0	2	
1748	18	173	60	d	0	2	
1749	18	167	52	d	0	1	
1750	19	161	62	d	1	2	
1751	17	171	57	d	0	2	
1752	18	178	74	h	0	4	
1753	17	158	47	d	0	2	
1754	18	180	65	h	0	4	
1755	22	158	60	d	1	3	
1756	17	186	69	h	1	4	
1757	22	170	60	d	0	3	
1758	27	170	56	d	1	3	
1759	16	165	55	d	1	3	
1760	17	165	57	d	0	4	
1761	18	175	57	d	0	3	
1762	50	170	78	d	0	4	
1763	51	186	95	h	0	2	
1764	30	181	76	h	0	4	
1765	27	172	78	h	0	4	
1766	21	174	78	h	0	4	
1767	18	164	68	d	0	4	
1768	21	174	65	d	0	1	
1769	20	180	64,8	d	0	3	
1770	16	175	53	h	0	4	
1771	18	182	69	h	0	3	
1772	18	155	72	h	0	3	
1773	27	180	73	h	0	4	
1774	21	149	54	d	1	2	
1775	29	185	86	h	1	4	
1776	18	167	59	d	1	3	
1777	21	180	77	h	0	4	
1778	18	150	62	d	0	3	
1779	18	172	60	d	1	2	
1780	18	164	54	d	0	4	
1781	18	175	64	h	1	3	
1782	17	186	74	h	0	4	
1783	18	183	75	h	1	2	
1784	18	158	53	d	0	3	
1785	17	174	65	h	0	4	
1786	19	154	78	h	1	3	
1787	18	172	74	d	1	2	
1788	18	164	65	h	0	4	
1789	18	156	58	d	1	1	
1790	17	171	61	h	0	1	
1791	17	164	60	h	0	4	
1792	17	172	65	d	0	3	
1793	18	177	70	d	1	2	
1794	17	170	62	d	1	2	
1795	17	164	52	d	1	1	
1796	18	177	59	d	0	1	
1797	18	175	56	h	1	1	
1798	18	177	64	h	1	4	
1799	18	180	71	h	0	4	
1800	19	164	72	h	1	3	
1801	18	184	78	d	0	3	
1802	18	161	45	d	0	2	
1803	18	156	62	d	0	3	
1804	18	164	71	d	0	3	
1805	18	162	45	d	0	4	
1806	18	161	50	d	0	2	
1807	18	160	66	d	0	3	
1808	18	162	66	d	0	2	
1809	18	163	57	d	0	2	
1810	18	195	87	h	0	1	
1811	19	165	63	d	1	2	
1812	20	189	94	h	1	2	
1813	20	182	85	h	1	4	
1814	19	191	90	h	0	4	
1815	18	174	60	h	1	2	
1816	19	170	69	d	1	1	
1817	19	164	70	d	1	1	
1818	19	178	67	h	0	3	
1819	19	159	61	d	1	2	
1820	18	163	56	d	0	3	
1821	16	180	72,5	h	0	4	
1822	18	179	72	h	0	3	
1823	18	164	58	d	0	3	
1824	50	178	75	h	1	3	
1825	49	158	60	d	1	1	
1826	18	181	69	h	1	3	
1827	18	170	62	d	0	3	
1828	18	156	54	d	1	3	
1829	18	165	50	d	0	3	
1830	53	155	59	d	1	1	
1831	60	179	78	h	0	1	
1832	18	165	74	d	1	2	
1833	34	180	73	h	0	4	
1834	33	169	69	h	0	2	
1835	28	175	62	d	0	4	
1836	31	168	85	d	0	2	
1837	18	163	59	d	0	3	
1838	18	164	52	d	0	3	
1839	17	187	85	d	1	1	
1840	18	175	57	d	0	3	
1841	48	159	72	d	0	3	
1842	17	178	67	h	0	4	
1843	11	154	43	d	0	1	
1844	44	186	92	h	0	3	
1845	42	152	60	d	0	1	
1846	58	163	57	d	1	1	
1847	21	160	70	h	1	2	
1848	25	177	74	h	0	4	
1849	31	174	77	h	1	4	
1850	20	171	82	h	1	3	
1851	19	182	77	h	1	2	
1852	18	190	80	h	0	3	
1853	17	162	60	d	0	1	
1854	18	170	70	h	1	1	
1855	19	172	65	d	1	2	
1856	17	152	51	d	0	3	
1857	17	173	57	h	0	3	
1858	18	167	47	d	0	3	
1859	18	180	76	h	0	4	
1860	18	190	95	h	1	3	
1861	24	174	70,5	h	0	2	
1862	24	175	64	h	0	2	
1863	20	165	56	d	1	4	
1864	43	167	89	d	1	1	
1865	23	160	56	d	0	1	
1866	23	160	43	d	0	4	
1867	28	157	42	d	0	2	
1868	24	167	62	h	0	3	
1869	28	165	58	d	0	1	
1870	18	178	65	h	0	4	
1871	42	179	68	h	0	3	
1872	24	169	57	d	1	3	
1873	24	180	74	h	0	4	
1874	25	179	79	h	0	3	
1875	29	175	74	h	1	3	
1876	23	174	69	d	0	2	
1877	28	176	76	h	1	3	
1878	25	174	78	h	0	4	
1879	25	175	59	d	0	4	
1880	24	172	75	h	0	3	
1881	21	162	50	d	0	3	
1882	17	172	75	h	0	4	
1883	36	167	65	h	1	1	
1884	18	175	58	d	0	3	
1885	19	169	59	d	0	2	
1886	27	156	53	d	1	1	
1887	19	150	45	h	0	3	
1888	28	173	79	d	0	3	
1889	21	175	85	h	1	1	
1890	21	164	52	h	1	4	
1891	21	159	50	d	0	3	
1892	24	175	52	d	1	3	
1893	21	170	68	d	1	3	
1894	21	167	55	d	0	1	
1895	20	165	60	d	1	3	
1896	25	170	58	d	1	3	
1897	23	162	65	h	0	2	
1898	32	170	74	h	0	3	
1899	20	151	49	h	1	2	
1900	19	180	77	h	0	3	
1901	26	162	60	d	0	1	
1902	28	176	79	h	0	2	
1903	52	173	96	h	1	4	
1904	51	155	51	d	0	4	
1905	75	160	72	h	0	1	
1906	61	162	74	d	0	3	
1907	44	154	60	d	1	3	
1908	40	171	68	d	0	3	
1909	26	160	48	h	0	3	
1910	33	160	62	d	1	1	
1911	69	158	58	h	0	3	
1912	37	160	60	d	0	1	
1913	39	187	88	h	0	4	
1914	28	156	46	d	0	3	
1915	60	165	69	d	0	3	
1916	38	152	53	d	1	1	
1917	28	164	75	d	1	1	
1918	29	183	87	h	0	2	
1919	27	162	72	d	0	2	
1920	28	165	84	h	0	2	
1921	14	169	53	h	0	1	
1922	44	168	62	h	0	4	
1923	44	165	70	d	0	3	
1924	17	164	51	d	1	2	
1925	18	170	65	h	0	4	
1926	18	164	50	d	0	2	
1927	19	175	69	h	1	1	
1928	20	173	67	h	1	2	
1929	18	168	54	d	0	3	
1930	18	176	68	h	1	2	
1931	19	170	62	d	0	1	
1932	18	166	57	d	1	2	
1933	17	179	68	h	0	1	
1934	18	169	61	d	1	3	
1935	17	172	69	d	0	2	
1936	19	182	70	h	1	1	
1937	18	172	64	d	0	4	
1938	18	164	58	d	0	2	
1939	18	168	65	h	0	1	
1940	18	167	72	d	0	2	
1941	22	162	59	d	0	3	
1942	27	174	65	d	0	4	
1943	46	167	97	d	0	3	
1944	49	170	67	h	0	4	
1945	19	161	62	d	0	1	
1946	21	172	49	d	1	2	
1947	22	178	70	h	0	4	
1948	22	173	64	h	1	4	
1949	23	174	72	h	1	2	
1950	24	177	70	h	1	4	
1951	25	175	64	d	0	3	
1952	23	164	69	d	0	2	
1953	22	172	67	h	0	1	
1954	22	162	66	d	0	1	
1955	21	159	68	d	1	1	
1956	23	153	67	d	1	3	
1957	24	164	53	d	1	4	
1958	27	167	71	d	1	1	
1959	25	163	64	h	1	2	
1960	22	169	67	d	0	4	
1961	17	162	52	d	1	1	
1962	17	179	62,5	h	0	4	
1963	18	175	60	d	0	1	
1964	18	174	64	h	1	2	
1965	18	176	62	h	1	3	
1966	18	182	68	h	0	2	
1967	22	184	72	h	1	4	
1968	22	176	70	h	1	2	
1969	18	160	52	d	0	4	
1970	19	175	62	h	1	2	
1971	18	177	70	h	1	4	
1972	21	172	90	h	0	1	
1973	20	167	56	d	1	3	
1974	20	158	54	d	1	3	
1975	19	170	72	h	0	4	
1976	22	174	64	h	1	4	
1977	22	177	75	h	0	4	
1978	21	176	68	h	1	1	
1979	18	163	54	d	1	3	
1980	18	168	54	d	1	1	
1981	19	160	56	d	0	3	
1982	39	159	63	d	1	3	
1983	43	168	85	h	1	3	
1984	24	179	69	h	0	3	
1985	19	177	70	h	1	2	
1986	30	160	56	d	0	2	
1987	19	175	86	h	0	2	
1988	14	173	60	h	0	4	
1989	18	179	80	d	0	2	
1990	16	180	75	h	0	4	
1991	19	160	62	d	0	3	
1992	24	171	66	h	0	3	
1993	19	160	55	d	0	3	
1994	18	180	85	h	0	4	
1995	18	178	59	h	0	2	
1996	19	170	61	d	0	2	
1997	16	162	53	d	0	2	
1998	49	160	62	d	0	3	
1999	53	168	74	h	1	1	
2000	30	158	52	d	0	1	
2001	18	165	59	d	0	3	
2002	19	160	65	d	0	3	
2003	18	153	48	d	0	2	
2004	18	165	57	d	0	3	
2005	19	183	83	h	0	3	
2006	19	180	70	h	0	2	
2007	22	187	85	h	1	3	
2008	20	148	90	h	1	3	
2009	25	185	80	h	1	1	
2010	23	180	60	d	1	3	
2011	45	162	55	d	0	1	
2012	50	165	67	h	0	3	
2013	22	165	64	h	0	2	
2014	33	158	51	d	0	3	
2015	20	170	80	h	0	3	
2016	20	170	80	h	0	3	
2017	18	166	48	d	0	2	
2018	18	150	40	d	0	2	
2019	18	165	60	d	0	1	
2020	29	191	83	h	0	4	
2021	78	178	80	h	0	3	
2022	74	179	62	d	0	1	
2023	24	190	78	h	0	4	
2024	18	166	60	d	1	2	
2025	16	160	50	d	0	3	
2026	18	167	59	d	0	1	
2027	24	190	90	h	1	3	
2028	30	170	80	d	0	3	
2029	18	180	50	d	1	3	
2030	22	190	70	h	0	3	
2031	21	170	65	d	0	3	
2032	18	162	67	d	0	3	
2033	18	172	55	d	1	3	
2034	19	169	60	d	1	4	
2035	21	160	42	h	0	2	
2036	17	168	69	h	0	4	
2037	20	159	54	h	1	1	
2038	19	171	68	d	0	2	
2039	25	165	70	h	1	4	
2040	26	162	60	d	0	1	
2041	18	163	59	d	0	3	
2042	14	180	66	h	0	2	
2043	46	158	55	d	0	3	
2044	51	175	82	h	1	1	
2045	18	164	58	d	0	3	
2046	18	164	52	d	0	3	
2047	16	180	72	h	0	4	
2048	18	170	62	d	0	3	
2049	17	187	85	d	1	1	
2050	18	175	57	d	0	3	
2051	17	157	70,5	d	0	4	
2052	17	186	72	h	0	3	
2053	18	180	70	h	0	2	
2054	18	171	71	d	1	3	
2055	18	180	77	h	0	4	
2056	18	165	75	d	1	1	
2057	17	182	71	h	0	4	
2058	18	165	46	d	1	2	
2059	18	165	60	d	1	2	
2060	18	158	55	d	0	4	
2061	77	161	53	d	0	3	
2062	36	165	50	d	0	3	
2063	38	162	53	d	0	3	
2064	33	173	86	d	1	3	
2065	28	177	68	h	1	1	
2066	52	160	55	d	0	1	
2067	31	165	57	d	0	4	
2068	20	166	47	d	0	2	
2069	28	161	50	d	1	3	
2070	20	166	56	d	0	2	
2071	58	163	57	d	1	1	
2072	21	160	70	h	1	2	
2073	25	177	74	h	0	4	
2074	31	174	77	h	1	4	
2075	20	171	82	h	1	3	
2076	31	175	75	h	0	4	
2077	52	170	70	h	1	1	
2078	32	176	79	h	1	1	
2079	34	179	76	h	0	1	
2080	33	178	70	h	1	2	
2081	18	170	48	d	1	4	
2082	20	175	56	d	1	4	
2083	17	167	53	d	1	1	
2084	17	183	85	h	0	4	
2085	18	156	52	d	1	1	
2086	19	194	85	h	1	4	
2087	18	175	70	h	0	4	
2088	17	171	53	d	1	3	
2089	18	174	60	d	0	3	
2090	18	173	60	h	1	4	
2091	18	165	55	d	1	1	
2092	18	167	58	d	1	3	
2093	17	180	71	h	0	4	
2094	19	177	70	h	1	2	
2095	18	178	82	h	0	2	
2096	18	180	79	h	1	2	
2097	18	166	48	d	1	1	
2098	17	180	68	h	0	4	
2099	17	178	70	h	0	4	
2100	18	166	55	d	0	1	